x
1	1.15491503677277
2	0.966813356231894
3	1.05951938404128
4	1.15153362832599
5	1.22467553757668
6	1.03127638788149
7	0.957586210336979
8	1.04058025978313
9	0.882962949912494
10	1.04275414434145
11	1.27835468945421
12	1.07882309584636
13	1.010373576751
14	1.34616825726793
15	1.13759631844093
16	1.19205369446942
17	1.25575707890643
18	0.736004462135927
19	0.961227107538424
20	1.07189779664326
21	0.770471613039437
22	0.957150005745895
23	0.962940564487907
24	1.24844068761094
25	1.11772628317002
26	1.30644258253523
27	0.981017005873707
28	1.24031998763433
29	0.976032844067881
30	0.923816105113755
31	0.921459956561819
32	0.916532164563281
33	0.336861873002216
34	1.01630616813754
35	1.01499220886803
36	1.13676109645838
37	1.04707188038506
38	0.902913811192071
39	1.20838974536515
40	1.17905601435419
41	0.900066861296857
42	1.14547991015963
43	0.9969782330059
44	0.894971334960299
45	0.776089635478933
46	0.944554977200386
47	0.848878530044887
48	1.13833320230101
49	1.2047441779041
50	1.15338965885054
51	1.03090038113218
52	1.21066906313251
53	0.866059807051876
54	0.981315228837173
55	1.08133213325655
56	0.937989299961521
57	0.945239837960855
58	1.07332736383391
59	0.885878726468753
60	1.31176302355223
61	1.02837235807924
62	1.01405404752471
63	1.01332417850085
64	1.10439162240198
65	1.10309443446633
66	0.814248488436512
67	0.93937654523689
68	1.0636028841334
69	0.944365448800952
70	1.19688428416488
71	1.0315828733221
72	1.06795259496767
73	1.04615401442509
74	0.996551446174947
75	1.04293175775655
76	0.762345492328387
77	1.07119248637582
78	1.24845832070791
79	0.598450313392272
80	0.987977601992176
81	0.833141602729546
82	1.05164108095448
83	0.834576366393654
84	1.14530552632344
85	1.07956867191404
86	1.04821037593122
87	0.787191962411585
88	0.843753239544213
89	0.92862968506315
90	0.986165722472726
91	0.816238028702709
92	0.698175891207695
93	1.20219752636845
94	1.05688669031224
